HyperCLaw-V1.1
8
gasDensity
x-GasMomentum
y-GasMomentum
z-GasMomentum
gasEnergy
gasInternalEnergy
temperature
c_s
3
3180193002532269.5
0
0 0 -6.036e+21 
3.018e+21 3.018e+21 6.036e+21 

((0,0,0) (127,127,511) (0,0,0)) 
263168 
2.3578125e+19 2.3578125e+19 2.3578125e+19 
0
0
0 4 3180193002532269.5
263168
0 3.018e+21
0 3.018e+21
-6.036e+21 -3.018e+21
0 3.018e+21
0 3.018e+21
-3.018e+21 0
0 3.018e+21
0 3.018e+21
0 3.0180000000000005e+21
0 3.018e+21
0 3.018e+21
3.0180000000000005e+21 6.036e+21
Level_0/Cell
